,market_mean,lev1,lev2,lev3,lev4
0.0,-0.00028688298986996445,0.10558003231425783,0.004606279236916412,8.266695601885013e-05,6.061292796675469e-07
0.05,6.17321789770807e-05,0.9402087022231038,0.35995300958494375,0.055432586970359195,0.0034887043922775776
0.1,0.00011238999785647629,1.291198964364258,0.6799083052058651,0.1446391791255826,0.012465568058624485
0.15,0.00015187247760266456,1.6639134079310252,1.1134019875705732,0.3015540036844756,0.03308165611535686
0.2,0.00018385859625780245,2.029039400706277,1.6693234034490334,0.5533225323399094,0.07366113834959026
0.25,0.00021153210224619595,2.4142095407745785,2.385890909389839,0.9489946242127998,0.15105592060396947
0.3,0.0002331836126090956,2.7739435234390477,3.119459526380352,1.4239671901606055,0.261598110178556
0.35,0.00025222724470939445,3.122709920354961,3.967302389225029,2.039782374464135,0.4255659084981608
0.4,0.000271628741111698,3.529312783437446,5.053830019899404,2.9414776131833307,0.6858140280247754
0.45,0.000290170043869742,3.9705613823541146,6.387192135174712,4.158901078653026,1.096822201871241
0.5,0.0003084096643730963,4.45037562727545,8.032864503558251,5.888493348764465,1.7523077070456496
0.55,0.00032678583692029463,5.000756184736341,10.145191935895639,8.28653933535874,2.7483196066100044
0.6,0.00034522825636445304,5.601715098477594,12.713407721149725,11.771227416083546,4.359288576829158
0.65,0.00036506791629448387,6.362379191406229,16.48063034484965,17.283560648500913,7.40023885635411
0.7,0.000386081224462114,7.255741641837904,21.34503574500168,25.45275228996744,12.198768742821889
0.75,0.0004072299664459064,8.281087474115244,27.91838934373687,38.17711188661571,21.04082296372072
0.8,0.00043063844653018696,9.60433967770117,37.60484938066764,59.43550673472969,38.09264977114892
0.85,0.0004594507620367553,11.543348253547169,54.10087197048471,103.39622655883625,80.43316805653926
0.9,0.0004958606757040257,14.494049855118073,85.362675147521,204.00670347447118,198.18594823929504
0.95,0.000553071143524093,20.752423857961386,175.40734077419347,614.5646575102901,836.2150881233778
0.98,0.0006131239431624283,30.12449220251244,370.0646708860433,1850.0381865975717,3784.365220474878
1.0,0.0008834926884317793,167.6550388127239,11585.219182823603,330331.1513684455,3882095.84419801
